937
858
815
337
618
716
235
935
220
599
766
650
827
628
560
952
808
255
541
942
141
643
436
289
971
568
608
286
399
96
453
985
113
389
582
880
682
514
605
441
115
613
921
892
514
402
471
585
856
269
98
870
727
575
362
577
322
699
948
625
487
393
892
485
734
828
229
234
220
128
774
862
894
735
215
109
826
0
696
58
229
640
914
565
644
582
182
113
330
446
364
160
729
223
712
925
702
650
517
38
384
908
292
318
690
478
240
715
768
857
443
202
480
629
387
811
876
306
4
557
411
5
720
82
390
889
103
767
